%YAML:1.0
image_width: 2880
image_height: 1988
camera_name: left_optical
camera_matrix: !!opencv-matrix
   rows: 3
   cols: 3
   dt: d
   data: [7190.247, 0, 1035.513, 0, 7190.247, 945.196, 0, 0, 1]
