%YAML:1.0
image_width: 1600
image_height: 1200
camera_name: left_optical
camera_matrix: !!opencv-matrix
   rows: 3
   cols: 3
   dt: d
   data: [1765.15, 0, 755.43, 0, 1705.37, 591.03, 0, 0, 1]
distortion_model: plumb_bob
distortion_coefficients: !!opencv-matrix
   rows: 1
   cols: 5
   dt: d
   data: [-0.3486572197534772, 0.07438649675240892, 0.004309613001428705, -0.001505875147589233, 0]
rectification_matrix: !!opencv-matrix
   rows: 3
   cols: 3
   dt: d
   data: [0.9995395808327141, 0.02522153174988209, -0.01686714809776001, -0.02516303270890547, 0.99967661850212, 0.003671539875490712, 0.01695429543368386, -0.00324542082886873, 0.9998509984542652]
projection_matrix: !!opencv-matrix
   rows: 3
   cols: 4
   dt: d
   data: [1780.45110953125, 0, 755.43, 0, 0, 1780.451109531253, 591.03, 0, 0, 0, 1, 0]
