%YAML:1.0
image_width: 1280
image_height: 720
camera_name: zed_right
camera_matrix: !!opencv-matrix
   rows: 3
   cols: 3
   dt: d
   data: [699.7680053710938, 0.0, 643.9119873046875, 0.0, 699.7680053710938, 382.0270080566406, 0.0, 0.0, 1.0]
distortion_model: plumb_bob
distortion_coefficients: !!opencv-matrix
   rows: 1
   cols: 5
   dt: d
   data: [-0.17044100165367126, 0.023787500336766243, 0.0, 0.0, 0.0]
rectification_matrix: !!opencv-matrix
   rows: 3
   cols: 3
   dt: d
   data: [0.999911367893219, 0.0016971626318991184, 0.013205227442085743, -0.0018792818300426006, 0.99990314245224, 0.013791286386549473, -0.013180541805922985, -0.013814880512654781, 0.9998177289962769]
projection_matrix: !!opencv-matrix
   rows: 3
   cols: 4
   dt: d
   data: [699.7680053710938, 0.0, 643.9119873046875, -84.02196502685547, 0.0, 699.7680053710938, 382.0270080566406, 0.0, 0.0, 0.0, 1.0, 0.0]
