%YAML:1.0
image_width: 1280
image_height: 720
camera_name: zed_left
camera_matrix: !!opencv-matrix
  rows: 3
  cols: 3
  dt: d
  data: [700.1829833984375, 0.0, 644.302978515625, 0.0, 700.1829833984375, 374.7449951171875, 0.0, 0.0, 1.0]
distortion_model: plumb_bob
distortion_coefficients: !!opencv-matrix
  rows: 1
  cols: 5
  dt: d
  data: [-0.16995200514793396, 0.0228061992675066, 0.0, 0.0, 0.0]
rectification_matrix: !!opencv-matrix
  rows: 3
  cols: 3
  dt: d
  data: [1.0, 0.0, 0.0, 0.0, 1.0, 0.0, 0.0, 0.0, 1.0]
projection_matrix: !!opencv-matrix
  rows: 3
  cols: 4
  dt: d
  data: [700.1829833984375, 0.0, 644.302978515625, 0.0, 0.0, 700.1829833984375, 374.7449951171875, 0.0, 0.0, 0.0, 1.0, 0.0]
